%YAML:1.0

File.version: "1.0"

Camera.type: "PinHole"
Camera.width: 640
Camera.height: 400
Camera.fps: 30
Camera.RGB: 0

Camera1.fx: 484.29906511932046
Camera1.fy: 484.8078678154587
Camera1.cx: 316.1014933353207
Camera1.cy: 193.3949971721422
Camera1.k1: 0.11623291481405575
Camera1.k2: -0.15611781379887749
Camera1.p1: 0.0007985838917064346
Camera1.p2: 0.0026628757937622156

Camera2.fx: 483.8276515905758
Camera2.fy: 485.38978247722457
Camera2.cx: 303.3411600407157
Camera2.cy: 186.7244660328728
Camera2.k1: 0.16329528834855947
Camera2.k2: -0.22065454658316122
Camera2.p1: -0.0039001627658789596
Camera2.p2: -0.002944313325851901

Camera.bf: 34.18356747325414
Stereo.ThDepth: 40.0

Stereo.T_c1_c2:
  rows: 4
  cols: 4
  dt: f
  data: [0.9999469857113155, 0.006156738315956397, 0.008253504719613801, -0.07066105090361767,
         -0.0059895604397288225, 0.9997794433488975, -0.0201293274279379, 0.00021533427570138395,
         -0.008375615355703029, 0.02007882542060496, 0.9997633169091251, -0.00044414390847213187,
         0.0, 0.0, 0.0, 1.0]

ORBextractor.nFeatures: 1000
ORBextractor.scaleFactor: 1.2
ORBextractor.nLevels: 8
ORBextractor.iniThFAST: 20
ORBextractor.minThFAST: 7

Viewer.KeyFrameSize: 0.05
Viewer.KeyFrameLineWidth: 1.0
Viewer.GraphLineWidth: 0.9
Viewer.PointSize: 2.0
Viewer.CameraSize: 0.08
Viewer.CameraLineWidth: 3.0
Viewer.ViewpointX: 0.0
Viewer.ViewpointY: -0.7
Viewer.ViewpointZ: -1.8
Viewer.ViewpointF: 500.0
