%YAML:1.0

File.version: "1.0"

Camera.type: "PinHole"
Camera.width: 640
Camera.height: 400
Camera.fps: 60
Camera.RGB: 0

Camera1.fx: 520.1513466704671
Camera1.fy: 518.3627537261157
Camera1.cx: 317.32703583124385
Camera1.cy: 182.5518645025377
Camera1.k1: 0.1736716777550507
Camera1.k2: -0.3662360913320976
Camera1.p1: -0.0016560757872704686
Camera1.p2: 0.0031154155068492955

Camera2.fx: 518.687865083285
Camera2.fy: 517.6926472371346
Camera2.cx: 301.2952945911155
Camera2.cy: 176.12543778124981
Camera2.k1: 0.22111572977639093
Camera2.k2: -0.38748888306048107
Camera2.p1: -0.008116369859701171
Camera2.p2: -0.004457961646441464

Camera.bf: 35.86778090984169
Stereo.ThDepth: 40.0

Stereo.T_c1_c2:
  rows: 4
  cols: 4
  dt: f
  data: [0.99994667, 0.0060998, 0.00833311, -0.0687945,
         -0.00592239, 0.99975876, -0.02115051, 0.00136252,
         -0.00846012, 0.02110003, 0.99974157, -0.00452218,
         0.0, 0.0, 0.0, 1.0]

IMU.T_b_c1:
  rows: 4
  cols: 4
  dt: f
  data: [-0.99973513, -0.01955751, -0.01213192, 0.03878806,
         -0.0041998, -0.36325588, 0.93167995, 0.04269715,
         -0.02262833, 0.93148412, 0.36307753, 0.08935602,
         0.0, 0.0, 0.0, 1.0]

IMU.Frequency: 500.0
IMU.NoiseGyro: 0.008
IMU.NoiseAcc: 0.015
IMU.GyroWalk: 0.0002
IMU.AccWalk: 0.0003

ORBextractor.nFeatures: 1000
ORBextractor.scaleFactor: 1.2
ORBextractor.nLevels: 8
ORBextractor.iniThFAST: 20
ORBextractor.minThFAST: 7

Viewer.KeyFrameSize: 0.05
Viewer.KeyFrameLineWidth: 1.0
Viewer.GraphLineWidth: 0.9
Viewer.PointSize: 2.0
Viewer.CameraSize: 0.08
Viewer.CameraLineWidth: 3.0
Viewer.ViewpointX: 0.0
Viewer.ViewpointY: -0.7
Viewer.ViewpointZ: -1.8
Viewer.ViewpointF: 500.0