%YAML:1.0

File.version: "1.0"

Camera.type: "PinHole"
Camera.width: 640
Camera.height: 400
Camera.fps: 30
Camera.RGB: 0

Camera1.fx: 503.5489303608248
Camera1.fy: 504.289389498329
Camera1.cx: 318.09951934449373
Camera1.cy: 192.35155195161798
Camera1.k1: 0.1390303309224723
Camera1.k2: -0.2410755556511959
Camera1.p1: 0.0005006758857923138
Camera1.p2: 0.00367339326497331

Camera2.fx: 503.71877324283884
Camera2.fy: 505.11777424528725
Camera2.cx: 301.8491954956491
Camera2.cy: 184.77782837056057
Camera2.k1: 0.1977311576775756
Camera2.k2: -0.33549015090802564
Camera2.p1: -0.005725694158039969
Camera2.p2: -0.004426262880385847

Camera.bf: 35.18350417099131
Stereo.ThDepth: 40.0

Stereo.T_c1_c2:
  rows: 4
  cols: 4
  dt: f
  data: [0.9997862107552526, 0.007582498569656409, 0.01923638477210486, -0.06986587785969985,
         -0.0072855761697879565, 0.9998539613015206, -0.015458863138578633, 0.00020528458435098272,
         -0.019350792323146022, 0.015315410053415019, 0.99969544614916, 0.0008269453965632885,
         0.0, 0.0, 0.0, 1.0]

ORBextractor.nFeatures: 1000
ORBextractor.scaleFactor: 1.2
ORBextractor.nLevels: 8
ORBextractor.iniThFAST: 20
ORBextractor.minThFAST: 7

Viewer.KeyFrameSize: 0.05
Viewer.KeyFrameLineWidth: 1.0
Viewer.GraphLineWidth: 0.9
Viewer.PointSize: 2.0
Viewer.CameraSize: 0.08
Viewer.CameraLineWidth: 3.0
Viewer.ViewpointX: 0.0
Viewer.ViewpointY: -0.7
Viewer.ViewpointZ: -1.8
Viewer.ViewpointF: 500.0
